7,39,43,571
x,y,z
1.32266,0.058578,3.611
1.33277,0.0585911,3.612
1.34251,0.0585881,3.612
1.35038,0.058504,3.607
1.32303,0.0487827,3.612
1.33388,0.0488206,3.615
1.34325,0.0488045,3.614
1.34963,0.0486805,3.605
1.3234,0.0389818,3.613
1.33425,0.0390121,3.616
1.34474,0.0390317,3.618
1.35113,0.0389326,3.609
1.32413,0.0291836,3.615
1.33499,0.0292063,3.618
1.34512,0.0292128,3.619
1.35301,0.029171,3.614
1.32487,0.0193745,3.617
1.33499,0.0193788,3.618
1.34437,0.0193724,3.617
1.35301,0.0193554,3.614
1.32633,0.00955972,3.621
1.33646,0.00956185,3.622
1.34549,0.00955607,3.62
1.35301,0.00953975,3.614
1.32523,-0.000276234,3.618
1.33647,-0.000276524,3.622
1.34475,-0.000276204,3.618
1.35001,-0.000275274,3.606
1.32377,-0.0100931,3.614
1.3361,-0.0101121,3.621
1.34437,-0.0101004,3.617
1.34889,-0.0100608,3.603
1.34805,-0.00998213,3.575
1.32596,-0.0199433,3.62
1.33093,-0.0198706,3.607
1.33694,-0.0198145,3.597
1.3414,-0.0197364,3.583
1.35031,-0.0197244,3.581
1.31827,-0.029604,3.599
1.3217,-0.0294626,3.582
1.32542,-0.0293295,3.566
1.34177,-0.029476,3.584
1.35672,-0.0295897,3.598
1.36947,-0.0296541,3.606
1.311,-0.0388749,3.553
1.32281,-0.0389386,3.559
1.34814,-0.0393961,3.601
1.36652,-0.0396458,3.624
1.3782,-0.0396986,3.629
1.31284,-0.0485941,3.558
1.33359,-0.0490012,3.588
1.35787,-0.0495314,3.627
1.37218,-0.0496928,3.639
1.38275,-0.0497178,3.641
1.32686,-0.0588806,3.596
1.3492,-0.0594343,3.63
1.36348,-0.0596277,3.642
1.37481,-0.0596903,3.646
1.38503,-0.0597039,3.647
1.33756,-0.0692018,3.625
1.35588,-0.0696372,3.648
1.36685,-0.069691,3.651
1.3767,-0.0696876,3.651
1.38655,-0.0696843,3.651
1.34309,-0.079375,3.64
1.35848,-0.079698,3.655
1.36872,-0.0797158,3.656
1.3782,-0.0796901,3.655
1.38768,-0.0796646,3.654
1.33254,-0.0892176,3.638
1.34788,-0.0895807,3.653
1.36071,-0.0897722,3.661
1.37096,-0.0897923,3.662
1.38084,-0.0897879,3.662
1.3892,-0.0896856,3.658
1.33729,-0.0994535,3.651
1.35009,-0.0996662,3.659
1.3607,-0.0997155,3.661
1.3717,-0.0997923,3.664
1.38196,-0.0998147,3.665
1.39033,-0.0997011,3.661
1.33692,-0.109341,3.65
1.35193,-0.109754,3.664
1.36256,-0.109808,3.666
1.37357,-0.109893,3.669
1.38422,-0.109947,3.671
1.39223,-0.109793,3.666
1.33618,-0.119189,3.648
1.35229,-0.119739,3.665
1.36329,-0.11983,3.668
1.37356,-0.119857,3.669
1.38459,-0.119949,3.672
1.39336,-0.119846,3.669
1.33654,-0.129133,3.649
0.390725,-0.562916,1.802
0.397145,-0.565088,1.809
0.276024,-0.57352,1.819
0.383686,-0.564652,1.792
0.391578,-0.569049,1.806
0.398668,-0.572185,1.816
0.274188,-0.574614,1.807
0.276928,-0.570147,1.793
0.377546,-0.567604,1.786
0.384956,-0.571404,1.798
0.392648,-0.575521,1.811
0.399751,-0.578685,1.821
0.276759,-0.574667,1.792
0.281149,-0.57369,1.789
0.285363,-0.572393,1.785
0.372274,-0.571806,1.784
0.378378,-0.573715,1.79
0.385584,-0.577227,1.801
0.393067,-0.581059,1.813
0.400176,-0.58425,1.823
0.407117,-0.587121,1.832
0.277053,-0.580152,1.794
0.282706,-0.581755,1.799
0.286627,-0.5798,1.793
0.289539,-0.575904,1.781
0.293048,-0.573303,1.773
0.36015,-0.572778,1.772
0.366189,-0.574704,1.778
0.372677,-0.577276,1.786
0.378998,-0.579525,1.793
0.386213,-0.583067,1.804
0.393704,-0.586932,1.816
0.400602,-0.589827,1.825
0.278583,-0.588257,1.804
0.284105,-0.589547,1.808
0.287571,-0.586597,1.799
0.290338,-0.582344,1.786
0.293695,-0.579395,1.777
0.297507,-0.577425,1.771
0.301627,-0.576106,1.767
0.310683,-0.5751,1.764
0.339574,-0.575341,1.765
0.344749,-0.575979,1.767
0.349342,-0.57564,1.766
0.35433,-0.575952,1.767
0.360136,-0.577568,1.772
0.366381,-0.579836,1.779
0.373081,-0.582757,1.788
0.380042,-0.586003,1.798
0.386842,-0.588923,1.807
0.393908,-0.592169,1.817
0.400808,-0.595089,1.826
0.279804,-0.595758,1.812
0.286134,-0.598702,1.821
0.289315,-0.595072,1.81
0.291949,-0.590455,1.796
0.294837,-0.586496,1.784
0.297996,-0.583194,1.774
0.301613,-0.580879,1.767
0.305885,-0.579879,1.764
0.310845,-0.580194,1.765
0.315631,-0.58018,1.765
0.320054,-0.579509,1.763
0.324098,-0.57818,1.759
0.329428,-0.579152,1.762
0.334775,-0.580125,1.765
0.339945,-0.580769,1.767
0.34454,-0.580427,1.766
0.349526,-0.580742,1.767
0.355118,-0.582043,1.771
0.360936,-0.583673,1.776
0.36678,-0.585304,1.781
0.373277,-0.58792,1.789
0.380874,-0.592179,1.802
0.3879,-0.595453,1.812
0.394979,-0.598726,1.822
0.401674,-0.601343,1.83
0.287376,-0.606271,1.829
0.29058,-0.602611,1.818
0.293073,-0.597625,1.803
0.29598,-0.593634,1.791
0.299158,-0.590306,1.781
0.302794,-0.587972,1.774
0.306738,-0.586301,1.769
0.31136,-0.585956,1.768
0.316333,-0.586274,1.769
0.320948,-0.585929,1.768
0.32519,-0.584921,1.765
0.330163,-0.585239,1.766
0.33533,-0.585889,1.768
0.340509,-0.586538,1.77
0.345112,-0.586194,1.769
0.349908,-0.586181,1.769
0.355506,-0.587494,1.773
0.361329,-0.589138,1.778
0.367385,-0.591113,1.784
0.37389,-0.593751,1.792
0.381284,-0.597715,1.804
0.388957,-0.60201,1.817
0.395834,-0.60498,1.826
0.403198,-0.608612,1.837
0.290191,-0.617225,1.847
0.292004,-0.610528,1.827
0.29436,-0.605168,1.811
0.296793,-0.600142,1.796
0.299985,-0.596787,1.786
0.303293,-0.593766,1.777
0.307592,-0.59275,1.774
0.312051,-0.592069,1.772
0.317035,-0.59239,1.773
0.321843,-0.592377,1.773
0.326282,-0.591695,1.771
0.330897,-0.591348,1.77
0.335697,-0.591335,1.77
0.340496,-0.591323,1.77
0.34549,-0.591644,1.771
0.350885,-0.592634,1.774
0.356697,-0.594292,1.779
0.362333,-0.595616,1.783
0.36799,-0.59694,1.787
0.374713,-0.599934,1.796
0.382329,-0.604264,1.809
0.39023,-0.608929,1.823
0.397123,-0.611924,1.832
0.407576,-0.620263,1.857
0.28892,-0.619518,1.839
0.294069,-0.619841,1.84
0.295159,-0.611743,1.816
0.297441,-0.60634,1.8
0.300643,-0.602958,1.79
0.304303,-0.600587,1.783
0.308272,-0.59889,1.778
0.312566,-0.597867,1.775
0.317379,-0.597854,1.775
0.322193,-0.597841,1.775
0.327006,-0.597829,1.775
0.331445,-0.597142,1.773
0.336253,-0.59713,1.773
0.34106,-0.597117,1.773
0.346453,-0.598116,1.776
0.351861,-0.599114,1.779
0.357286,-0.600112,1.782
0.36293,-0.601447,1.786
0.368802,-0.603119,1.791
0.375953,-0.606812,1.802
0.383374,-0.610841,1.814
0.391075,-0.615207,1.827
0.397545,-0.617553,1.834
0.296293,-0.629565,1.854
0.297421,-0.621402,1.83
0.299411,-0.615277,1.812
0.302142,-0.61085,1.799
0.305485,-0.607781,1.79
0.309473,-0.606071,1.785
0.313434,-0.604361,1.78
0.318082,-0.604009,1.779
0.322543,-0.603317,1.777
0.327546,-0.603644,1.778
0.331807,-0.602614,1.775
0.33662,-0.602601,1.775
0.341433,-0.602589,1.775
0.346831,-0.603596,1.778
0.352641,-0.605282,1.783
0.358277,-0.606628,1.787
0.364138,-0.608314,1.792
0.370232,-0.610339,1.798
0.377402,-0.614062,1.809
0.384631,-0.617785,1.82
0.391706,-0.621168,1.83
0.397968,-0.623194,1.836
0.40514,-0.626578,1.846
0.295161,-0.632176,1.847
0.298221,-0.628056,1.835
0.30072,-0.62291,1.82
0.303473,-0.618448,1.807
0.306838,-0.615355,1.798
0.310154,-0.612263,1.789
0.314126,-0.610539,1.784
0.318249,-0.609158,1.78
0.322894,-0.608804,1.779
0.327903,-0.609134,1.78
0.33273,-0.609123,1.78
0.337367,-0.608769,1.779
0.342191,-0.608757,1.779
0.347209,-0.609088,1.78
0.353025,-0.610787,1.785
0.358667,-0.612145,1.789
0.36494,-0.614529,1.796
0.371662,-0.617598,1.805
0.378643,-0.621009,1.815
0.385466,-0.624077,1.824
0.391909,-0.626462,1.831
0.399041,-0.629873,1.841
0.299508,-0.635773,1.843
0.30236,-0.631276,1.83
0.304804,-0.626089,1.815
0.30802,-0.622628,1.805
0.311356,-0.619511,1.796
0.31517,-0.61743,1.79
0.319309,-0.616039,1.786
0.32379,-0.615337,1.784
0.328444,-0.614981,1.783
0.333279,-0.614969,1.783
0.337924,-0.614613,1.782
0.342949,-0.614947,1.783
0.347979,-0.615281,1.784
0.353607,-0.616649,1.788
0.359458,-0.618363,1.793
0.365945,-0.621111,1.801
0.373505,-0.625584,1.814
0.379884,-0.627988,1.821
0.385878,-0.629702,1.826
0.392113,-0.631762,1.832
0.400115,-0.63658,1.846
0.301121,-0.644228,1.853
0.303174,-0.637958,1.835
0.305632,-0.632732,1.82
0.30852,-0.628548,1.808
0.311864,-0.625408,1.799
0.315687,-0.623311,1.793
0.320013,-0.622256,1.79
0.324505,-0.62155,1.788
0.328801,-0.620496,1.785
0.333641,-0.620485,1.785
0.338482,-0.620474,1.785
0.343515,-0.620811,1.786
0.348748,-0.621496,1.788
0.354388,-0.622876,1.792
0.360249,-0.624603,1.797
0.367154,-0.628069,1.807
0.374524,-0.63223,1.819
0.3805,-0.633958,1.824
0.386714,-0.636034,1.83
0.39296,-0.63811,1.836
0.403574,-0.647137,1.862
0.302084,-0.651337,1.859
0.303988,-0.644668,1.84
0.306628,-0.639752,1.826
0.309533,-0.635536,1.814
0.312893,-0.632372,1.805
0.316556,-0.629909,1.798
0.320717,-0.628496,1.794
0.32522,-0.627785,1.792
0.329527,-0.626723,1.789
0.334192,-0.626362,1.788
0.338851,-0.626002,1.787
0.344081,-0.626692,1.789
0.349518,-0.627733,1.792
0.355564,-0.629825,1.798
0.361442,-0.631566,1.803
0.36816,-0.634709,1.812
0.374721,-0.637502,1.82
0.380908,-0.639594,1.826
0.387127,-0.641687,1.832
0.394235,-0.645181,1.842
0.404432,-0.653578,1.866
0.30256,-0.657419,1.862
0.304472,-0.6507,1.843
0.307288,-0.646099,1.83
0.310546,-0.642557,1.82
0.314269,-0.640075,1.813
0.317601,-0.636887,1.804
0.321421,-0.634758,1.798
0.325753,-0.633689,1.795
0.330437,-0.633326,1.794
0.335303,-0.633316,1.794
0.339789,-0.6326,1.792
0.344841,-0.632943,1.793
0.349898,-0.633286,1.794
0.356148,-0.635748,1.801
0.362435,-0.638209,1.808
0.368963,-0.641024,1.816
0.374712,-0.642427,1.82
0.380899,-0.644536,1.826
0.387964,-0.648058,1.836
0.395725,-0.652638,1.849
0.302712,-0.662807,1.863
0.304957,-0.656748,1.846
0.307445,-0.651401,1.831
0.311047,-0.648544,1.823
0.314951,-0.646399,1.817
0.318999,-0.64461,1.812
0.322663,-0.64211,1.805
0.326832,-0.640677,1.801
0.331164,-0.6396,1.798
0.335854,-0.639235,1.797
0.340348,-0.638514,1.795
0.345408,-0.63886,1.796
0.350669,-0.639562,1.798
0.35693,-0.642044,1.805
0.363027,-0.644169,1.811
0.368955,-0.645939,1.816
0.374909,-0.647709,1.821
0.381516,-0.650546,1.829
0.388801,-0.654451,1.84
0.397001,-0.659778,1.855
0.303351,-0.669276,1.867
0.305937,-0.663888,1.852
0.308107,-0.657784,1.835
0.311548,-0.654548,1.826
0.315461,-0.652387,1.82
0.320046,-0.65166,1.818
0.324262,-0.650217,1.814
0.328093,-0.648057,1.808
0.33226,-0.646614,1.804
0.336779,-0.645888,1.802
0.341666,-0.645879,1.802
0.346553,-0.64587,1.802
0.351636,-0.64622,1.803
0.357712,-0.648362,1.809
0.36362,-0.650145,1.814
0.369759,-0.652288,1.82
0.37593,-0.65443,1.826
0.38276,-0.657648,1.835
0.390061,-0.661583,1.846
0.39892,-0.668027,1.864
0.388955,-0.605278,1.689
0.301631,-0.681917,1.888
0.303503,-0.674683,1.868
0.306423,-0.669978,1.855
0.308936,-0.664551,1.84
0.312562,-0.661652,1.832
0.316145,-0.658753,1.824
0.320564,-0.65766,1.821
0.324789,-0.656206,1.817
0.328809,-0.654391,1.812
0.332803,-0.652577,1.807
0.337144,-0.651485,1.804
0.342226,-0.651837,1.805
0.347699,-0.652912,1.808
0.352992,-0.653627,1.81
0.35889,-0.655424,1.815
0.364214,-0.656139,1.817
0.370564,-0.658659,1.824
0.376952,-0.66118,1.831
0.384004,-0.664784,1.841
0.391111,-0.668388,1.851
0.399769,-0.67452,1.868
0.389412,-0.610578,1.691
0.301302,-0.686293,1.886
0.303981,-0.680825,1.871
0.307239,-0.676813,1.86
0.310438,-0.672801,1.849
0.314089,-0.66988,1.841
0.317522,-0.666597,1.832
0.321259,-0.664041,1.825
0.325495,-0.662576,1.821
0.329527,-0.660749,1.816
0.334084,-0.660013,1.814
0.339004,-0.660004,1.814
0.344114,-0.66036,1.815
0.349421,-0.66108,1.817
0.354155,-0.660709,1.816
0.359871,-0.662157,1.82
0.365209,-0.662877,1.822
0.371776,-0.665781,1.83
0.377975,-0.667957,1.836
0.384832,-0.671225,1.845
0.391738,-0.674493,1.854
0.399549,-0.679216,1.867
0.386184,-0.610069,1.677
0.388404,-0.606428,1.667
0.301931,-0.692858,1.89
0.304296,-0.686616,1.873
0.307726,-0.682942,1.863
0.311268,-0.679633,1.854
0.315444,-0.677792,1.849
0.319247,-0.675217,1.842
0.322659,-0.67191,1.833
0.326559,-0.669702,1.827
0.330607,-0.667861,1.822
0.335181,-0.66712,1.82
0.340304,-0.667479,1.821
0.345244,-0.667472,1.821
0.350568,-0.668198,1.823
0.355513,-0.66819,1.823
0.361248,-0.66965,1.827
0.366405,-0.67001,1.828
0.372582,-0.672202,1.834
0.378792,-0.674396,1.84
0.385452,-0.677322,1.848
0.392155,-0.680248,1.856
0.39933,-0.683908,1.866
0.387333,-0.616449,1.682
0.387936,-0.610216,1.665
0.301762,-0.697599,1.889
0.304775,-0.692789,1.876
0.308212,-0.689088,1.866
0.312099,-0.686494,1.859
0.315948,-0.683901,1.852
0.320105,-0.682047,1.847
0.323883,-0.679454,1.84
0.328159,-0.677969,1.836
0.332595,-0.676854,1.833
0.337199,-0.676108,1.831
0.341979,-0.675731,1.83
0.346943,-0.675724,1.83
0.352099,-0.676087,1.831
0.357066,-0.67608,1.831
0.362626,-0.677182,1.834
0.368002,-0.677914,1.836
0.373592,-0.679016,1.839
0.37961,-0.680857,1.844
0.386072,-0.683436,1.851
0.392995,-0.686754,1.86
0.400181,-0.690442,1.87
0.385028,-0.617319,1.672
0.387468,-0.613994,1.663
0.305091,-0.698607,1.878
0.308369,-0.694507,1.867
0.312091,-0.691523,1.859
0.31611,-0.689283,1.853
0.320271,-0.687416,1.848
0.324756,-0.686293,1.845
0.329403,-0.685541,1.843
0.33404,-0.68479,1.841
0.338481,-0.683668,1.838
0.343093,-0.682917,1.836
0.348074,-0.682911,1.836
0.353631,-0.68402,1.839
0.35901,-0.684758,1.841
0.364202,-0.685125,1.842
0.369199,-0.685119,1.842
0.375009,-0.686602,1.846
0.38084,-0.688085,1.85
0.387527,-0.691055,1.858
0.394259,-0.694027,1.866
0.401889,-0.698486,1.878
0.385487,-0.622599,1.674
0.387234,-0.618135,1.662
0.389152,-0.614043,1.651
0.306221,-0.70631,1.885
0.309353,-0.701806,1.873
0.313091,-0.698801,1.865
0.316785,-0.695796,1.857
0.320957,-0.693916,1.852
0.325277,-0.69241,1.848
0.329932,-0.691654,1.846
0.334759,-0.691273,1.845
0.339396,-0.690517,1.843
0.344208,-0.690136,1.842
0.349205,-0.69013,1.842
0.354587,-0.690874,1.844
0.359785,-0.691244,1.845
0.365185,-0.691988,1.847
0.370597,-0.692732,1.849
0.376223,-0.693852,1.852
0.382071,-0.695346,1.856
0.388358,-0.69759,1.862
0.3951,-0.700584,1.87
0.402314,-0.704327,1.88
0.410449,-0.709569,1.894
0.385947,-0.62789,1.676
0.387234,-0.622645,1.662
0.389152,-0.618524,1.651
0.307513,-0.714429,1.893
0.310336,-0.709138,1.879
0.313755,-0.705357,1.869
0.317461,-0.702331,1.861
0.32147,-0.700061,1.855
0.325798,-0.698545,1.851
0.330462,-0.697784,1.849
0.335297,-0.6974,1.848
0.34031,-0.697395,1.848
0.345137,-0.697012,1.847
0.349958,-0.696629,1.846
0.355159,-0.697002,1.847
0.36017,-0.696997,1.847
0.365774,-0.698124,1.85
0.371394,-0.699252,1.853
0.377438,-0.701135,1.858
0.383302,-0.702641,1.862
0.389397,-0.704525,1.867
0.395731,-0.706786,1.873
0.402739,-0.71018,1.882
0.411097,-0.715838,1.897
0.387329,-0.634703,1.682
0.387234,-0.627157,1.662
0.389389,-0.623384,1.652
0.390536,-0.618103,1.638
0.308481,-0.721832,1.899
0.31132,-0.716504,1.885
0.314756,-0.712697,1.875
0.318307,-0.709269,1.866
0.32233,-0.706983,1.86
0.326144,-0.704316,1.853
0.330814,-0.703551,1.851
0.335473,-0.702785,1.849
0.340673,-0.70316,1.85
0.345506,-0.702775,1.849
0.350333,-0.70239,1.848
0.355154,-0.702006,1.847
0.360555,-0.702762,1.849
0.366561,-0.704658,1.854
0.372593,-0.706555,1.859
0.378247,-0.707692,1.862
0.383711,-0.70845,1.864
0.389394,-0.709587,1.867
0.396151,-0.712626,1.875
0.402737,-0.715284,1.882
0.411528,-0.721744,1.899
0.38802,-0.64041,1.685
0.388167,-0.63319,1.666
0.389626,-0.628251,1.653
0.390538,-0.622552,1.638
0.311479,-0.721989,1.886
0.31475,-0.717773,1.875
0.318472,-0.714704,1.867
0.322671,-0.712785,1.862
0.326667,-0.710483,1.856
0.331345,-0.709712,1.854
0.335831,-0.708559,1.851
0.340853,-0.708555,1.851
0.345688,-0.708167,1.85
0.350897,-0.708546,1.851
0.356112,-0.708925,1.852
0.361722,-0.71007,1.855
0.367744,-0.711981,1.86
0.373392,-0.713126,1.863
0.378853,-0.713889,1.865
0.384326,-0.714653,1.867
0.390435,-0.716565,1.872
0.396783,-0.71886,1.878
0.403378,-0.721539,1.885
0.411744,-0.72728,1.9
0.388402,-0.638097,1.667
0.389157,-0.631975,1.651
0.39054,-0.627002,1.638
0.391854,-0.622029,1.625
0.311969,-0.728252,1.889
0.315248,-0.724006,1.878
0.318808,-0.720531,1.869
0.322839,-0.718213,1.863
0.32719,-0.716667,1.859
0.332055,-0.716277,1.858
0.336371,-0.714731,1.854
0.341401,-0.714727,1.854
0.346245,-0.714337,1.853
0.351841,-0.715491,1.856
0.356877,-0.715487,1.856
0.362304,-0.716256,1.858
0.368136,-0.717795,1.862
0.37379,-0.718949,1.865
0.379258,-0.719719,1.867
0.38453,-0.720103,1.868
0.390434,-0.721644,1.872
0.396782,-0.723956,1.878
0.403591,-0.72704,1.886
0.412178,-0.733208,1.902
0.388871,-0.643397,1.669
0.389867,-0.637618,1.654
0.391259,-0.63261,1.641
0.39234,-0.627217,1.627
0.31345,-0.736862,1.898
0.316418,-0.73181,1.885
0.319656,-0.727535,1.874
0.323528,-0.724813,1.867
0.328066,-0.723644,1.864
0.332766,-0.722864,1.862
0.337274,-0.721696,1.859
0.34195,-0.720916,1.857
0.347363,-0.72169,1.859
0.352786,-0.722463,1.861
0.357644,-0.722073,1.86
0.363081,-0.722847,1.862
0.368728,-0.72401,1.865
0.37439,-0.725173,1.868
0.379866,-0.725948,1.87
0.385353,-0.726724,1.872
0.391268,-0.728276,1.876
0.397416,-0.730218,1.881
0.40402,-0.732936,1.888
0.388641,-0.647545,1.668
0.391521,-0.644831,1.661
0.392932,-0.639789,1.648
0.394033,-0.634358,1.634
0.394813,-0.62854,1.619
0.493064,-0.624962,1.609
0.317085,-0.73848,1.889
0.319823,-0.733003,1.875
0.323871,-0.730654,1.869
0.328414,-0.729478,1.866
0.33312,-0.728693,1.864
0.337997,-0.728299,1.863
0.343052,-0.728296,1.863
0.348108,-0.728294,1.863
0.353163,-0.728292,1.863
0.358219,-0.72829,1.863
0.363665,-0.72907,1.865
0.369122,-0.729851,1.867
0.37479,-0.731023,1.87
0.380475,-0.732196,1.873
0.386176,-0.733368,1.876
0.391477,-0.73376,1.877
0.397628,-0.735715,1.882
0.404021,-0.738062,1.888
0.393175,-0.652084,1.668
0.394368,-0.646616,1.654
0.395244,-0.640757,1.639
0.395307,-0.633727,1.621
0.396999,-0.629433,1.61
0.492781,-0.62897,1.608
0.320331,-0.739266,1.878
0.324387,-0.736901,1.872
0.328939,-0.735717,1.869
0.333654,-0.734927,1.867
0.338901,-0.735318,1.868
0.343418,-0.734135,1.865
0.348666,-0.734527,1.866
0.353541,-0.734132,1.865
0.358987,-0.734919,1.867
0.364249,-0.735311,1.868
0.369714,-0.736098,1.87
0.37499,-0.736492,1.871
0.380678,-0.737673,1.874
0.386382,-0.738855,1.877
0.392103,-0.740037,1.88
0.398052,-0.741613,1.884
0.394359,-0.658588,1.673
0.395328,-0.65269,1.658
0.396215,-0.646791,1.643
0.396777,-0.6405,1.627
0.398486,-0.636177,1.616
0.400634,-0.632642,1.607
0.403237,-0.629895,1.6
0.486596,-0.63098,1.602
0.493724,-0.634549,1.611
0.325078,-0.743561,1.876
0.329465,-0.741973,1.872
0.33383,-0.740386,1.868
0.339081,-0.740781,1.869
0.343601,-0.739591,1.866
0.348665,-0.73959,1.866
0.35354,-0.739193,1.865
0.359371,-0.740778,1.869
0.364834,-0.74157,1.871
0.37011,-0.741967,1.872
0.375392,-0.742364,1.873
0.380679,-0.742762,1.874
0.386384,-0.743952,1.877
0.392105,-0.745143,1.88
0.393894,-0.662347,1.671
0.395334,-0.657201,1.658
0.396704,-0.652056,1.645
0.398004,-0.64691,1.632
0.39948,-0.642162,1.62
0.401141,-0.637811,1.609
0.403247,-0.634253,1.6
0.406323,-0.632281,1.595
0.479843,-0.632165,1.594
0.486924,-0.635759,1.603
0.334365,-0.74665,1.871
0.339806,-0.747448,1.873
0.344152,-0.745851,1.869
0.349412,-0.746249,1.87
0.354488,-0.746249,1.87
0.36014,-0.747447,1.873
0.397011,-0.664508,1.665
0.398159,-0.658929,1.651
0.399964,-0.654548,1.64
0.401216,-0.649368,1.627
0.402896,-0.644988,1.616
0.404013,-0.63981,1.603
0.406843,-0.637426,1.597
0.409641,-0.635042,1.591
0.412927,-0.633458,1.587
0.468808,-0.633285,1.586
0.474625,-0.635304,1.591
0.481071,-0.638124,1.598
0.487861,-0.641344,1.606
0.405127,-0.682704,1.699
0.402027,-0.669855,1.667
0.402412,-0.663033,1.65
0.402952,-0.656614,1.634
0.403655,-0.650597,1.619
0.40478,-0.645384,1.606
0.406855,-0.64178,1.597
0.410426,-0.640587,1.594
0.413461,-0.63859,1.589
0.416469,-0.636595,1.584
0.419717,-0.635001,1.58
0.449547,-0.634722,1.579
0.454137,-0.635144,1.58
0.459023,-0.63597,1.582
0.464214,-0.637198,1.585
0.47031,-0.639634,1.591
0.476141,-0.641668,1.596
0.482301,-0.644106,1.602
0.489406,-0.647751,1.611
0.409429,-0.694614,1.717
0.408308,-0.684915,1.693
0.406813,-0.674812,1.668
0.405676,-0.665518,1.645
0.40591,-0.658652,1.628
0.407061,-0.653405,1.615
0.408396,-0.648563,1.603
0.410697,-0.645339,1.595
0.413215,-0.642521,1.588
0.416221,-0.640513,1.583
0.419466,-0.63891,1.579
0.423227,-0.638117,1.577
0.426978,-0.637324,1.575
0.431267,-0.637342,1.575
0.435556,-0.63736,1.575
0.440405,-0.638189,1.577
0.444983,-0.638613,1.578
0.449852,-0.639444,1.58
0.454446,-0.63987,1.581
0.459626,-0.641107,1.584
0.465409,-0.643154,1.589
0.472108,-0.646417,1.597
0.478254,-0.648871,1.603
0.484736,-0.651731,1.61
0.494598,-0.659046,1.628
0.412062,-0.703773,1.728
0.412178,-0.696046,1.709
0.411214,-0.686691,1.686
0.408894,-0.675299,1.658
0.408167,-0.666758,1.637
0.408586,-0.660254,1.621
0.409429,-0.654566,1.607
0.411483,-0.650914,1.598
0.41401,-0.648078,1.591
0.416762,-0.64565,1.585
0.419748,-0.643629,1.58
0.423513,-0.642832,1.578
0.427267,-0.642035,1.576
0.431559,-0.642053,1.576
0.435852,-0.642073,1.576
0.440704,-0.642908,1.578
0.445004,-0.642929,1.578
0.450159,-0.644173,1.581
0.455043,-0.645011,1.583
0.46052,-0.646664,1.587
0.466313,-0.648726,1.592
0.473021,-0.652012,1.6
0.479475,-0.654892,1.607
0.485968,-0.657772,1.614
0.417737,-0.710136,1.732
0.415617,-0.698669,1.704
0.412606,-0.685972,1.673
0.410923,-0.675735,1.648
0.410869,-0.668368,1.63
0.411482,-0.662233,1.615
0.412786,-0.657327,1.603
0.414807,-0.653653,1.594
0.417305,-0.650799,1.587
0.420297,-0.648766,1.582
0.423799,-0.647554,1.579
0.427557,-0.646752,1.577
0.431579,-0.646362,1.576
0.436149,-0.646793,1.577
0.440446,-0.646814,1.577
0.445026,-0.647246,1.578
0.450182,-0.6485,1.581
0.455929,-0.650575,1.586
0.462286,-0.653471,1.593
0.468096,-0.655548,1.598
0.47423,-0.658036,1.604
0.480995,-0.661346,1.612
0.488406,-0.665479,1.622
0.41968,-0.718163,1.74
0.41807,-0.707446,1.714
0.414593,-0.693839,1.681
0.412683,-0.683122,1.655
0.412396,-0.675295,1.636
0.413281,-0.669532,1.622
0.414605,-0.664595,1.61
0.415865,-0.659659,1.598
0.417848,-0.655961,1.589
0.420846,-0.653916,1.584
0.424355,-0.652696,1.581
0.42839,-0.652303,1.58
0.432147,-0.651498,1.578
0.436447,-0.65152,1.578
0.441027,-0.651955,1.579
0.445331,-0.651978,1.579
0.45106,-0.654067,1.584
0.457392,-0.656983,1.591
0.463763,-0.659899,1.598
0.469002,-0.661166,1.601
0.47485,-0.663259,1.606
0.482217,-0.667418,1.616
0.490846,-0.673231,1.63
0.420417,-0.724158,1.743
0.42028,-0.715863,1.723
0.417075,-0.702584,1.691
0.415691,-0.692628,1.667
0.414933,-0.683919,1.646
0.416101,-0.678534,1.633
0.416425,-0.671904,1.617
0.416923,-0.665689,1.602
0.418656,-0.661552,1.592
0.421663,-0.659494,1.587
0.425449,-0.658683,1.585
0.429224,-0.657873,1.583
0.43299,-0.657063,1.581
0.437299,-0.657086,1.581
0.441888,-0.657525,1.582
0.446483,-0.657965,1.583
0.452224,-0.660069,1.588
0.458281,-0.662589,1.594
0.464951,-0.665942,1.602
0.470788,-0.668049,1.607
0.476949,-0.670573,1.613
0.484337,-0.674761,1.623
0.49148,-0.678535,1.632
0.421398,-0.730589,1.747
0.421272,-0.722241,1.727
0.419558,-0.711384,1.701
0.4187,-0.702201,1.679
0.417471,-0.692599,1.656
0.417902,-0.685925,1.64
0.418246,-0.679252,1.624
0.419025,-0.673416,1.61
0.420516,-0.668835,1.599
0.423277,-0.666345,1.593
0.426544,-0.664694,1.589
0.429789,-0.663042,1.585
0.433835,-0.662647,1.584
0.438429,-0.663089,1.585
0.443309,-0.66395,1.587
0.448483,-0.665231,1.59
0.453959,-0.666931,1.594
0.459458,-0.668633,1.598
0.46498,-0.670335,1.602
0.471404,-0.673294,1.609
0.478162,-0.676672,1.617
0.484966,-0.680052,1.625
0.491513,-0.683015,1.632
0.421431,-0.743763,1.767
0.421173,-0.73494,1.746
0.422264,-0.728643,1.731
0.421302,-0.718979,1.708
0.420713,-0.710158,1.687
0.419759,-0.700915,1.665
0.420469,-0.69462,1.65
0.421614,-0.689167,1.637
0.422949,-0.684135,1.625
0.424219,-0.679104,1.613
0.425956,-0.674916,1.603
0.428177,-0.67157,1.595
0.431168,-0.669488,1.59
0.435228,-0.669091,1.589
0.440114,-0.669958,1.591
0.444732,-0.670405,1.592
0.44992,-0.671696,1.595
0.455696,-0.673829,1.6
0.4615,-0.675964,1.605
0.467332,-0.6781,1.61
0.473779,-0.681079,1.617
0.479969,-0.683638,1.623
0.486491,-0.68662,1.63
0.493053,-0.689604,1.637
0.422402,-0.750285,1.771
0.422879,-0.742677,1.753
0.423502,-0.735493,1.736
0.423787,-0.727886,1.718
0.422228,-0.717313,1.693
0.421291,-0.708011,1.671
0.422019,-0.701676,1.656
0.424468,-0.698307,1.648
0.426614,-0.694515,1.639
0.428449,-0.690301,1.629
0.429168,-0.684391,1.615
0.430885,-0.680177,1.605
0.433633,-0.677659,1.599
0.437718,-0.67726,1.598
0.442076,-0.677287,1.598
0.446155,-0.67689,1.597
0.451359,-0.67819,1.6
0.457434,-0.680762,1.606
0.463543,-0.683336,1.612
0.469395,-0.685486,1.617
0.475569,-0.688063,1.623
0.481481,-0.690216,1.628
0.488615,-0.694067,1.637
0.497005,-0.699615,1.65
0.422659,-0.755552,1.772
0.423862,-0.749175,1.757
0.424009,-0.741093,1.738
0.424547,-0.733864,1.721
0.423994,-0.72493,1.7
0.424085,-0.717275,1.682
0.425098,-0.711326,1.668
0.427066,-0.707084,1.658
0.42898,-0.702842,1.648
0.431103,-0.699028,1.639
0.432912,-0.694787,1.629
0.435205,-0.6914,1.621
0.437997,-0.688867,1.615
0.441854,-0.68804,1.613
0.44487,-0.685935,1.608
0.44786,-0.683831,1.603
0.452798,-0.684713,1.605
0.459458,-0.688157,1.613
0.466162,-0.691602,1.621
0.47175,-0.693341,1.625
0.477654,-0.695508,1.63
0.483882,-0.698104,1.636
0.491935,-0.703261,1.648
0.423632,-0.762115,1.776
0.425088,-0.756127,1.762
0.424761,-0.747135,1.741
0.425307,-0.739861,1.724
0.425762,-0.732587,1.707
0.427385,-0.727459,1.695
0.428179,-0.721044,1.68
0.429922,-0.716347,1.669
0.431347,-0.711221,1.657
0.433758,-0.707812,1.649
0.435595,-0.703545,1.639
0.438453,-0.700996,1.633
0.44155,-0.698877,1.628
0.445169,-0.697617,1.625
0.447942,-0.695071,1.619
0.450684,-0.692524,1.613
0.455086,-0.692555,1.613
0.461484,-0.695593,1.62
0.467633,-0.698202,1.626
0.472945,-0.699524,1.629
0.478861,-0.701707,1.634
0.485989,-0.705608,1.643
0.495257,-0.712518,1.659
0.424606,-0.768701,1.78
0.425592,-0.761813,1.764
0.425027,-0.752333,1.742
0.425329,-0.744581,1.724
0.426782,-0.738989,1.711
0.428921,-0.734694,1.701
0.430242,-0.729103,1.688
0.431493,-0.723513,1.675
0.432673,-0.717923,1.662
0.435362,-0.714925,1.655
0.437748,-0.711496,1.647
0.440897,-0.709364,1.642
0.444291,-0.707665,1.638
0.44739,-0.705534,1.633
0.450186,-0.702972,1.627
0.453788,-0.701707,1.624
0.458504,-0.702172,1.625
0.46465,-0.704798,1.631
0.469393,-0.705264,1.632
0.474432,-0.706164,1.634
0.480949,-0.709226,1.641
0.489281,-0.714883,1.654
0.49858,-0.721838,1.67
0.427303,-0.769685,1.771
0.426513,-0.759712,1.748
0.426339,-0.751043,1.728
0.428303,-0.746286,1.717
0.430207,-0.741529,1.706
0.432306,-0.737208,1.696
0.43358,-0.731583,1.683
0.435564,-0.727263,1.673
0.437231,-0.722509,1.662
0.439637,-0.71906,1.654
0.442537,-0.71648,1.648
0.446491,-0.715641,1.646
0.449338,-0.713063,1.64
0.452154,-0.710486,1.634
0.455777,-0.709214,1.631
0.461077,-0.710552,1.634
0.466964,-0.712762,1.639
0.471154,-0.712363,1.638
0.476211,-0.713269,1.64
0.483039,-0.716787,1.648
0.491391,-0.722481,1.661
0.500114,-0.728612,1.675
0.428733,-0.768438,1.757
0.427597,-0.757966,1.733
0.428827,-0.751868,1.719
0.431493,-0.748395,1.711
0.434117,-0.744922,1.703
0.435152,-0.738826,1.689
0.437154,-0.734479,1.679
0.439101,-0.730134,1.669
0.442856,-0.728851,1.666
0.44579,-0.726257,1.66
0.449506,-0.724976,1.657
0.45211,-0.721945,1.65
0.455231,-0.719791,1.645
0.459164,-0.71895,1.643
0.463652,-0.718985,1.643
0.468995,-0.720334,1.646
0.474068,-0.721247,1.648
0.480025,-0.723474,1.653
0.486303,-0.72614,1.659
0.494687,-0.731872,1.672
0.506427,-0.74242,1.696
0.429978,-0.775456,1.762
0.42787,-0.763159,1.734
0.429352,-0.757463,1.721
0.432277,-0.75441,1.714
0.435674,-0.752237,1.709
0.436984,-0.746544,1.696
0.439526,-0.743052,1.688
0.441763,-0.73912,1.679
0.445811,-0.738271,1.677
0.449045,-0.736102,1.672
0.453337,-0.735695,1.671
0.455706,-0.732206,1.663
0.45831,-0.729159,1.656
0.461435,-0.726993,1.651
0.465946,-0.72703,1.651
0.470742,-0.727508,1.652
0.476984,-0.73019,1.658
0.482969,-0.732432,1.663
0.489862,-0.735997,1.671
0.497392,-0.740445,1.681
0.430981,-0.782061,1.766
0.42913,-0.770131,1.739
0.430128,-0.763516,1.724
0.433062,-0.760444,1.717
0.435958,-0.757373,1.71
0.438045,-0.752974,1.7
0.441119,-0.750347,1.694
0.444688,-0.748607,1.69
0.448502,-0.747311,1.687
0.451764,-0.74513,1.682
0.454999,-0.742949,1.677
0.458208,-0.740769,1.672
0.460837,-0.737704,1.665
0.464267,-0.735969,1.661
0.467959,-0.734678,1.658
0.472776,-0.735161,1.659
0.479326,-0.738304,1.666
0.486496,-0.742334,1.675
0.493717,-0.746366,1.684
0.503059,-0.753503,1.7
0.431379,-0.778916,1.748
0.432651,-0.772707,1.734
0.434605,-0.767834,1.723
0.437009,-0.763854,1.714
0.439364,-0.759875,1.705
0.442714,-0.757679,1.7
0.446563,-0.756375,1.697
0.450131,-0.754626,1.693
0.453679,-0.752878,1.689
0.457205,-0.751131,1.685
0.459889,-0.748047,1.678
0.462258,-0.744519,1.67
0.464865,-0.741437,1.663
0.46941,-0.741477,1.663
0.474527,-0.742409,1.665
0.481094,-0.745573,1.672
0.488282,-0.74963,1.681
0.497573,-0.75681,1.697
0.510504,-0.769345,1.725
0.435177,-0.781955,1.744
0.437158,-0.777054,1.733
0.439335,-0.772603,1.723
0.44249,-0.769945,1.717
0.445091,-0.766391,1.709
0.44844,-0.764184,1.704
0.451496,-0.761528,1.698
0.454789,-0.759322,1.693
0.457785,-0.756669,1.687
0.461023,-0.754464,1.682
0.464235,-0.752261,1.677
0.46798,-0.750956,1.674
0.472557,-0.750997,1.674
0.477419,-0.751488,1.675
0.484016,-0.754673,1.682
0.491523,-0.759205,1.692
0.502312,-0.768675,1.713
0.439209,-0.78543,1.741
0.442173,-0.782306,1.734
0.445874,-0.780535,1.73
0.448252,-0.77651,1.721
0.450581,-0.772485,1.712
0.45366,-0.769815,1.706
0.457245,-0.768048,1.702
0.460266,-0.76538,1.696
0.462707,-0.761809,1.688
0.466767,-0.760948,1.686
0.471377,-0.76099,1.686
0.475987,-0.761033,1.686
0.480314,-0.760626,1.685
0.486363,-0.762929,1.69
0.494765,-0.768845,1.703
0.510572,-0.78605,1.741
0.444248,-0.790711,1.742
0.447972,-0.788931,1.738
0.450372,-0.784882,1.729
0.45325,-0.781742,1.722
0.456358,-0.779057,1.716
0.459702,-0.776827,1.711
0.462206,-0.773235,1.703
0.464942,-0.770098,1.696
0.469301,-0.769687,1.695
0.473657,-0.769276,1.694
0.47829,-0.769321,1.694
0.482355,-0.768459,1.692
0.490152,-0.773503,1.703
0.501206,-0.783544,1.725
0.456448,-0.791971,1.734
0.459589,-0.789271,1.728
0.462967,-0.787028,1.723
0.466048,-0.78433,1.717
0.467726,-0.779348,1.706
0.471561,-0.778022,1.703
0.4751,-0.77624,1.699
0.479749,-0.776287,1.699
0.485539,-0.778162,1.703
0.494519,-0.785066,1.718
0.464085,-0.793623,1.727
0.46772,-0.791829,1.723
0.470787,-0.789117,1.717
0.474929,-0.788244,1.715
0.478503,-0.786452,1.711
0.483468,-0.786961,1.712
0.491006,-0.791607,1.722
-0.607213,-0.715431,1.531
-0.602027,-0.708587,1.507
-0.606933,-0.719283,1.53
-0.599932,-0.705399,1.491
-0.605743,-0.717105,1.516
-0.609433,-0.726443,1.536
-0.601262,-0.711049,1.494
-0.607464,-0.723298,1.52
-0.612729,-0.734594,1.544
-0.592612,-0.700089,1.462
-0.604206,-0.718636,1.501
-0.611586,-0.732392,1.53
-0.603281,-0.716765,1.488
-0.610776,-0.730602,1.517
-0.598617,-0.710469,1.466
-0.610713,-0.729717,1.506
-0.619769,-0.74557,1.539
-0.599978,-0.716106,1.469
-0.612878,-0.736441,1.511
-0.590684,-0.704252,1.436
-0.599708,-0.719805,1.468
0.894819,-0.721728,1.318
-0.578658,-0.746601,1.391
-0.592455,-0.769492,1.434
-0.60601,-0.792375,1.477
-0.607916,-0.800233,1.492
-0.60165,-0.797365,1.487
-0.598629,-0.79879,1.49
-0.598788,-0.804506,1.501
-0.577596,-0.749051,1.388
-0.587271,-0.76667,1.421
-0.600455,-0.789137,1.463
-0.603623,-0.798655,1.481
-0.60224,-0.80224,1.488
-0.598813,-0.803132,1.49
-0.601763,-0.812649,1.508
-0.579033,-0.754746,1.391
-0.587461,-0.770831,1.421
-0.597363,-0.789079,1.455
-0.602999,-0.8019,1.479
-0.599596,-0.802792,1.481
-0.600607,-0.809649,1.494
-0.603944,-0.819756,1.513
-0.578393,-0.757738,1.389
-0.586,-0.772816,1.417
-0.596737,-0.792252,1.453
-0.603194,-0.806231,1.479
-0.603838,-0.812575,1.491
-0.603211,-0.817286,1.5
-0.605332,-0.82581,1.516
-0.579422,-0.762919,1.391
-0.583714,-0.773689,1.411
-0.59447,-0.793228,1.447
-0.607065,-0.815501,1.488
-0.608896,-0.82352,1.503
-0.608635,-0.828799,1.513
-0.606724,-0.831888,1.519
-0.602404,-0.831694,1.519
-0.576704,-0.763156,1.384
-0.580603,-0.773432,1.403
-0.591383,-0.793074,1.439
-0.610941,-0.824832,1.497
-0.609909,-0.829034,1.505
-0.608835,-0.833237,1.513
-0.609719,-0.840195,1.526
-0.602995,-0.836693,1.52
-0.582325,-0.774447,1.397
-0.581218,-0.778122,1.404
-0.587887,-0.792327,1.43
-0.600535,-0.814836,1.471
-0.606061,-0.827922,1.495
-0.603806,-0.830485,1.5
-0.601128,-0.832497,1.504
-0.618273,-0.862181,1.558
-0.582116,-0.778019,1.396
-0.581009,-0.781712,1.403
-0.585214,-0.792647,1.423
-0.595434,-0.811933,1.458
-0.601403,-0.825645,1.483
-0.599582,-0.828778,1.489
-0.608527,-0.846937,1.522
-0.616098,-0.863422,1.552
-0.582744,-0.782714,1.397
-0.580389,-0.784743,1.401
-0.581308,-0.791254,1.413
-0.587473,-0.805043,1.438
-0.599584,-0.827224,1.478
-0.601401,-0.835407,1.493
-0.607536,-0.849743,1.519
-0.612733,-0.862957,1.543
